<reportID_gradedist.csv csvgrep -c10 -m Sanders | csvcut -C2,3,4,5,6 | csvsort -c2 | csvlook


|-------------------+--------+-------------------+--------------------+-----------------+------------+--------------+--------------+-------------------+----------------+------+------+-----+----+--------------+----+---+----+----+----+----+----+---+----+----+---+----+---+---+----+---+---+---+---+----+----+----+-------+----------------+-----------|
|  TERM DESCRIPTION | COURSE | CLASS/SECTION NBR | COURSE DESCRIPTION | INSTRUCTOR NAME | GPA GRADES | TOTAL GRADES | AVG SECT GPA | AVG STDNT CUM GPA | PERCENT MAJORS | A%   | B%   | C%  | D% | OTHER GRADES | A+ | A | A- | B+ | B  | B- | C+ | C | C- | D+ | D | D- | F | W | WX | I | R | P | S | NY | NR | NC | OTHER | EFFECTIVE DATE | _unnamed  |
|-------------------+--------+-------------------+--------------------+-----------------+------------+--------------+--------------+-------------------+----------------+------+------+-----+----+--------------+----+---+----+----+----+----+----+---+----+----+---+----+---+---+----+---+---+---+---+----+----+----+-------+----------------+-----------|
|  Spring 2016      | 513    | 5191              |                    | Sanders,Steve   | 54         | 55           | 3.304        | 3.294             | 98.2           | 20.4 | 79.6 | 0.0 | 0  | 1            | 1  | 2 | 8  | 28 | 13 | 2  | 0  | 0 | 0  | 0  | 0 | 0  | 0 | 1 | 0  | 0 | 0 | 0 | 0 | 0  | 0  | 0  | 0     | 2016-06-10     |           |
|  Spring 2014      | 513    | 18590             |                    | Sanders,Steve   | 59         | 59           | 3.273        | 3.315             | 100.0          | 32.2 | 64.4 | 3.4 | 0  | 0            | 0  | 5 | 14 | 18 | 11 | 9  | 2  | 0 | 0  | 0  | 0 | 0  | 0 | 0 | 0  | 0 | 0 | 0 | 0 | 0  | 0  | 0  | 0     | 2014-06-13     |           |
|  Spring 2013      | 513    | 18192             |                    | Sanders,Steve   | 64         | 64           | 3.316        | 3.316             | 100.0          | 31.3 | 67.2 | 1.6 | 0  | 0            | 1  | 8 | 11 | 21 | 15 | 7  | 1  | 0 | 0  | 0  | 0 | 0  | 0 | 0 | 0  | 0 | 0 | 0 | 0 | 0  | 0  | 0  | 0     | 2013-06-07     |           |
|  Spring 2016      | 606    | 14654             |                    | Sanders,Steve   | 26         | 28           | 3.296        | 3.43              | 100.0          | 30.8 | 69.2 | 0.0 | 0  | 2            | 0  | 2 | 6  | 8  | 7  | 3  | 0  | 0 | 0  | 0  | 0 | 0  | 0 | 0 | 2  | 0 | 0 | 0 | 0 | 0  | 0  | 0  | 0     | 2016-06-10     |           |
|  Spring 2015      | 606    | 30299             |                    | Sanders,Steve   | 18         | 19           | 3.372        | 3.45              | 100.0          | 44.4 | 50.0 | 5.6 | 0  | 1            | 0  | 4 | 4  | 4  | 4  | 1  | 0  | 1 | 0  | 0  | 0 | 0  | 0 | 0 | 1  | 0 | 0 | 0 | 0 | 0  | 0  | 0  | 0     | 2015-06-12     |           |
|  Fall 2013        | 606    | 32883             |                    | Sanders,Steve   | 18         | 19           | 3.472        | 3.339             | 100.0          | 55.6 | 44.4 | 0.0 | 0  | 1            | 0  | 2 | 8  | 3  | 5  | 0  | 0  | 0 | 0  | 0  | 0 | 0  | 0 | 0 | 1  | 0 | 0 | 0 | 0 | 0  | 0  | 0  | 0     | 2014-01-24     |           |
|  Fall 2014        | 608    | 19538             |                    | Sanders,Steve   | 59         | 62           | 3.302        | 3.335             | 100.0          | 28.8 | 69.5 | 1.7 | 0  | 3            | 0  | 4 | 13 | 22 | 15 | 4  | 1  | 0 | 0  | 0  | 0 | 0  | 0 | 0 | 3  | 0 | 0 | 0 | 0 | 0  | 0  | 0  | 0     | 2015-01-23     |           |
|-------------------+--------+-------------------+--------------------+-----------------+------------+--------------+--------------+-------------------+----------------+------+------+-----+----+--------------+----+---+----+----+----+----+----+---+----+----+---+----+---+---+----+---+---+---+---+----+----+----+-------+----------------+-----------|
